[[[ 0.00000000e+00  0.00000000e+00  0.00000000e+00  0.00000000e+00
    0.00000000e+00  0.00000000e+00]
  [ 1.00000000e+00  0.00000000e+00  0.00000000e+00  0.00000000e+00
    1.00000000e+00  0.00000000e+00]
  [ 9.98588324e-01 -5.29875234e-02 -3.69614083e-03  5.28724007e-02
    9.84933376e-01  1.64653525e-01]
  [ 9.99967575e-01 -6.82377908e-03  4.28262446e-03  6.56931521e-03
    9.98360872e-01  5.68557084e-02]
  [ 9.93111908e-01 -1.30848465e-02  1.16436929e-01  1.22254714e-02
    9.99892533e-01  8.09175521e-03]
  [ 9.99233186e-01 -1.64625701e-02  3.55258398e-02  1.68554615e-02
    9.99799788e-01 -1.07882833e-02]
  [ 9.96918738e-01 -6.67995065e-02  4.11203913e-02  7.02228546e-02
    9.93609250e-01 -8.83714631e-02]
  [ 9.74923849e-01 -4.85138744e-02  2.17186511e-01  1.04278311e-01
    9.61761713e-01 -2.53259867e-01]
  [ 7.16287911e-01  6.11959755e-01 -3.35316241e-01 -6.79845452e-01
    7.20320225e-01 -1.37655392e-01]
  [ 6.98467493e-01 -7.11233795e-01 -7.93077946e-02  6.28946066e-01
    6.62942290e-01 -4.06121314e-01]
  [ 9.72353816e-01  2.77101606e-07  2.33512610e-01 -7.53243967e-07
    1.00000000e+00  1.94986478e-06]
  [ 7.96496809e-01  6.02159023e-01  5.47493733e-02 -6.04428887e-01
    7.90535152e-01  9.85906795e-02]
  [ 7.06994414e-01 -7.05053568e-01  5.53027019e-02  7.05943108e-01
    6.98862374e-01 -1.15047105e-01]
  [ 6.62810862e-01  7.09477663e-01  2.39422902e-01 -4.47143197e-01
    6.31500959e-01 -6.33458495e-01]
  [ 9.96580839e-01 -6.95735096e-08 -8.26238394e-02  1.35280132e-07
    1.00000012e+00  7.89651949e-07]
  [ 9.02059019e-01 -4.29100007e-01 -4.65038605e-02  4.31611717e-01
    8.97025168e-01  9.51686427e-02]
  [ 9.86616850e-01 -1.03230551e-01  1.26216874e-01  7.96105936e-02
    9.80506599e-01  1.79635942e-01]
  [ 1.00000000e+00  9.06662763e-08  7.99347006e-08 -1.08672850e-07
    9.63920891e-01  2.66188949e-01]
  [ 9.86912310e-01  1.59268081e-01 -2.52557844e-02 -1.61204129e-01
    9.70355272e-01 -1.80066735e-01]
  [ 9.72796977e-01 -1.37062326e-01  1.86762020e-01  9.67751369e-02
    9.72914755e-01  2.09932372e-01]
  [ 1.00000000e+00  1.92344984e-07 -1.00905297e-07 -1.56630065e-07
    9.60430861e-01  2.78518617e-01]
  [ 9.91146922e-01  1.10059984e-01  7.42602348e-02 -8.78319815e-02
    9.62967277e-01 -2.54911184e-01]]

 [[ 3.49997845e-03  2.24717456e-04 -1.35392544e-03  0.00000000e+00
    0.00000000e+00  0.00000000e+00]
  [ 9.99993324e-01 -1.98400347e-03  3.07525136e-03  2.00843555e-03
    9.99966323e-01 -7.96207879e-03]
  [ 9.99147177e-01 -4.12228778e-02 -2.37877714e-03  4.10423577e-02
    9.85151827e-01  1.66708127e-01]
  [ 9.99956846e-01 -8.69234279e-03  3.29096895e-03  8.47840682e-03
    9.98148680e-01  6.02282509e-02]
  [ 9.93691325e-01 -2.37949304e-02  1.09596275e-01  2.27793250e-02
    9.99685287e-01  1.05096987e-02]
  [ 9.99226213e-01 -1.81552432e-02  3.48912627e-02  1.85149573e-02
    9.99778450e-01 -1.00142593e-02]
  [ 9.96586502e-01 -7.19690546e-02  4.04450260e-02  7.54344463e-02
    9.92902815e-01 -9.19438452e-02]
  [ 9.74287450e-01 -4.45709601e-02  2.20856041e-01  1.02674000e-01
    9.60370898e-01 -2.59125054e-01]
  [ 7.19179511e-01  6.05976224e-01 -3.39961290e-01 -6.76564395e-01
    7.22165704e-01 -1.44004643e-01]
  [ 7.02376127e-01 -7.07926810e-01 -7.42126107e-02  6.27259314e-01
    6.64859951e-01 -4.05594707e-01]
  [ 9.71120000e-01  2.51857159e-07  2.38591596e-01 -1.72492619e-07
    1.00000000e+00 -3.53516782e-07]
  [ 7.93788075e-01  6.05456650e-01  5.76438606e-02 -6.07884347e-01
    7.86784887e-01  1.06987283e-01]
  [ 7.11105764e-01 -7.00540721e-01  5.97604625e-02  7.01766133e-01
    7.01999366e-01 -1.21331029e-01]
  [ 6.63840353e-01  7.05432534e-01  2.48356655e-01 -4.38680202e-01
    6.36244655e-01 -6.34627819e-01]
  [ 9.96756732e-01 -9.19427237e-08 -8.04738179e-02  4.66287382e-08
    1.00000000e+00 -5.64969071e-07]
  [ 8.99491310e-01 -4.34581101e-01 -4.53302301e-02  4.36925828e-01
    8.93810153e-01  1.00992173e-01]
  [ 9.90456820e-01 -9.11629498e-02  1.03366397e-01  7.05607682e-02
    9.79653776e-01  1.87882379e-01]
  [ 1.00000000e+00  4.59543728e-08  1.14923765e-07 -7.52045395e-08
    9.63059366e-01  2.69289374e-01]
  [ 9.87518609e-01  1.57428756e-01 -4.82201902e-03 -1.55515596e-01
    9.69755709e-01 -1.88119248e-01]
  [ 9.82315540e-01 -1.14332840e-01  1.48270756e-01  7.53461495e-02
    9.66343045e-01  2.45976001e-01]
  [ 1.00000000e+00  1.26867747e-07 -2.79837433e-08 -1.16702154e-07
    9.71844733e-01  2.35622317e-01]
  [ 9.88639891e-01  7.64703751e-02  1.29396692e-01 -3.84881161e-02
    9.60998237e-01 -2.73863345e-01]]

 [[ 4.21100669e-03 -2.25489703e-03 -1.94441527e-04  0.00000000e+00
    0.00000000e+00  0.00000000e+00]
  [ 9.99748886e-01 -2.20766552e-02  3.84656643e-03  2.20978316e-02
    9.99740362e-01 -5.55293635e-03]
  [ 9.99843001e-01 -1.76349860e-02  1.73409842e-03  1.70902628e-02
    9.85537469e-01  1.68594033e-01]
  [ 9.99980688e-01 -5.36119053e-03  3.14906146e-03  5.14522567e-03
    9.97872651e-01  6.49904609e-02]
  [ 9.94470060e-01 -2.67935153e-02  1.01545282e-01  2.54367758e-02
    9.99569356e-01  1.46325398e-02]
  [ 9.99230325e-01 -2.01926418e-02  3.36315557e-02  2.05146838e-02
    9.99746740e-01 -9.25815105e-03]
  [ 9.95898128e-01 -8.31401646e-02  3.57026570e-02  8.64317715e-02
    9.90862489e-01 -1.03543364e-01]
  [ 9.72877800e-01 -3.86367701e-02  2.28070304e-01  1.01878673e-01
    9.56745923e-01 -2.72503376e-01]
  [ 7.27460742e-01  5.91648936e-01 -3.47494453e-01 -6.65852964e-01
    7.30982721e-01 -1.49345577e-01]
  [ 7.06362784e-01 -7.04079390e-01 -7.29651973e-02  6.22790456e-01
    6.67163312e-01 -4.08687353e-01]
  [ 9.68627214e-01 -3.23757746e-07  2.48518437e-01 -2.31304057e-07
    1.00000000e+00  2.20428387e-06]
  [ 7.90226996e-01  6.10158026e-01  5.69959767e-02 -6.12467110e-01
    7.83225656e-01  1.06966056e-01]
  [ 7.15249896e-01 -6.95885599e-01  6.45048693e-02  6.97506189e-01
    7.05047250e-01 -1.28037572e-01]
  [ 6.63782656e-01  7.03041911e-01  2.55195528e-01 -4.31861222e-01
    6.38852715e-01 -6.36681437e-01]
  [ 9.96637881e-01 -7.75671367e-08 -8.19331259e-02  2.22411440e-08
    1.00000000e+00 -6.76170600e-07]
  [ 8.91927063e-01 -4.50073212e-01 -4.35910337e-02  4.52159613e-01
    8.86835575e-01  9.52597484e-02]
  [ 9.93945777e-01 -6.05262294e-02  9.16973203e-02  4.23352607e-02
    9.81119335e-01  1.88713267e-01]
  [ 1.00000000e+00 -1.25625697e-08  4.24151416e-08  2.46939164e-10
    9.60398555e-01  2.78630078e-01]
  [ 9.88129735e-01  1.53528959e-01  5.34451799e-03 -1.49635807e-01
    9.69781101e-01 -1.92701548e-01]
  [ 9.94387686e-01 -6.35925606e-02  8.45527649e-02  4.15261909e-02
    9.69657838e-01  2.40913406e-01]
  [ 1.00000000e+00  6.63530955e-08  1.96560521e-07 -1.14260807e-07
    9.66973007e-01  2.54879028e-01]
  [ 9.77766991e-01  7.65966102e-02  1.95204228e-01 -2.14595888e-02
    9.62561727e-01 -2.70211846e-01]]]

============================================================
New output shape: (4085, 22, 7)
New output dtype: float64
